Murnaghan fitting (Cyclohexane eta=3)
a=0.000191434736071684
b=5.79163389
c=0.000225412085238883
