Murnaghan fitting (Cyclohexane eta=3)
a=0.000184385634514009
b=5.45499409
c=0.000218669745141739
